Входные параметры: a = 10, b = 15, N = 100
Количество интервалов: 8
Сгенерированнная выборка: [13.620611840665525, 13.67983131503415, 11.70935593746706, 10.174370226391195, 14.574979301048353, 13.55750180721386, 12.338767823630526, 12.778504694293538, 13.213591060505227, 12.662080482150657, 12.273076104870976, 13.810710173948225, 12.30133958117514, 11.006109741680133, 11.644588426640077, 11.396682071490316, 13.816293245929417, 11.794221085849488, 12.099728473481271, 10.719468829562421, 13.783743398724862, 11.486239137061121, 11.081941117110414, 11.151810603098745, 13.483561512491853, 11.979173685612222, 11.83667138500904, 11.923471604215699, 11.985414276768124, 14.28754262414412, 11.29362104623126, 13.774276895503746, 13.58018987765288, 12.280002718270934, 14.861986355494082, 12.384814309046071, 10.052546243668646, 10.773219850031396, 12.234160807887308, 10.572353921968926, 12.14443131715377, 10.695254561264628, 10.215920483122868, 13.557312661794546, 13.254356838398094, 11.85949043488292, 10.223508706922647, 13.807798197926173, 13.342204740714884, 14.909027218635778, 10.475592855712705, 11.999582551635884, 13.968331186022663, 12.418826300685874, 14.654709504052715, 10.391405404023734, 12.592770609135759, 11.805106092891348, 12.046716608396146, 12.853743988561824, 14.5836136188279, 11.230561207675558, 10.528221474748129, 10.792211332532315, 12.633879982785846, 12.93463050186476, 14.884041911059121, 12.49227686154779, 13.072929377558287, 13.818021502171877, 14.466196293006156, 11.10159669730613, 13.675024331191343, 14.862970216212194, 11.960557288440478, 14.36679213040447, 14.635463243681897, 10.327620645740161, 11.019121214626319, 14.167027529049667, 10.038127888521878, 14.399767627584964, 12.440543213359797, 14.084171388499822, 11.809888938089324, 10.436024479299732, 13.894567379763554, 14.066214609739404, 11.247716252980435, 13.144394376220458, 12.559840626777618, 13.834432941725282, 10.751198611291542, 11.208386667269858, 14.062148915035188, 10.792196790477961, 14.25928085329184, 12.036800464659146, 14.183737031565428, 13.53212983389176]
Математическое ожидание (теоретическое): 12.5
Математическое ожидание (расчетное): 12.51528970105429
Дисперсия (теоретическая): 2.0833333333333335
Дисперсия (рачетная): 1.9532234064961755
Уровень значимости: 0.05
Критерий Пирсона (табличное): 15.5
Критерий Пирсона (расчетнное): 7.04
